7692 
18710 
64236 
65057 
85963 
76398 
39985 
48163 
48163 
48163 
48163 
48163 
48163 
48163 
48163 
48163 
48163 
48163 
48163 
48163 
48163 
48163 
48163 
48163 
48163 
48163 
48163 
48163 
48163 
48163 
48163 
48163 
48163 
48163 
48163 
48163 
48163 
48163 
48163 
48163 
48163 
48163 
48163 
48163 
48163 
48163 
48163 
48163 
48163 
48163 
48163 
48163 
48163 
48163 
27155 
75195 
42636 
35849 
48163 
48163 
48163 
48163 
48163 
48163 
48163 
48163 
48163 
48163 
48163 
48163 
48163 
48163 
48163 
48163 
48163 
48163 
48163 
